00000000
11111111
22222222
33333333
44444444
55555555
66666666
77777777
88888888
99999999
01234567
12345678
23456789
34567890
45678901
56789012
67890123
78901234
89012345
90123456
98765432
87654321
76543210
65432109
54321098
43210987
32109876
21098765
10987654
09876543
01010101
02020202
03030303
04040404
05050505
06060606
07070707
08080808
09090909
10101010
12121212
13131313
14141414
15151515
16161616
17171717
18181818
19191919
20202020
21212121
23232323
24242424
25252525
26262626
27272727
28282828
29292929
30303030
31313131
32323232
34343434
35353535
36363636
37373737
38383838
39393939
40404040
41414141
42424242
43434343
45454545
46464646
47474747
48484848
49494949
50505050
51515151
52525252
53535353
54545454
56565656
57575757
58585858
59595959
60606060
61616161
62626262
63636363
64646464
65656565
67676767
68686868
69696969
70707070
71717171
72727272
73737373
74747474
75757575
76767676
78787878
79797979
80808080
81818181
82828282
83838383
84848484
85858585
86868686
87878787
89898989
90909090
91919191
92929292
93939393
94949494
95959595
96969696
97979797
98989898
00100100
00200200
00300300
00400400
00500500
00600600
00700700
00800800
00900900
01001001
01101101
01201201
01301301
01401401
01501501
01601601
01701701
01801801
01901901
02002002
02102102
02202202
02302302
02402402
02502502
02602602
02702702
02802802
02902902
03003003
03103103
03203203
03303303
03403403
03503503
03603603
03703703
03803803
03903903
04004004
04104104
04204204
04304304
04404404
04504504
04604604
04704704
04804804
04904904
05005005
05105105
05205205
05305305
05405405
05505505
05605605
05705705
05805805
05905905
06006006
06106106
06206206
06306306
06406406
06506506
06606606
06706706
06806806
06906906
07007007
07107107
07207207
07307307
07407407
07507507
07607607
07707707
07807807
07907907
08008008
08108108
08208208
08308308
08408408
08508508
08608608
08708708
08808808
08908908
09009009
09109109
09209209
09309309
09409409
09509509
09609609
09709709
09809809
09909909
10010010
10110110
10210210
10310310
10410410
10510510
10610610
10710710
10810810
10910910
11011011
11211211
11311311
11411411
11511511
11611611
11711711
11811811
11911911
12012012
12112112
12212212
12312312
12412412
12512512
12612612
12712712
12812812
12912912
13013013
13113113
13213213
13313313
13413413
13513513
13613613
13713713
13813813
13913913
14014014
14114114
14214214
14314314
14414414
14514514
14614614
14714714
14814814
14914914
15015015
15115115
15215215
15315315
15415415
15515515
15615615
15715715
15815815
15915915
16016016
16116116
16216216
16316316
16416416
16516516
16616616
16716716
16816816
16916916
17017017
17117117
17217217
17317317
17417417
17517517
17617617
17717717
17817817
17917917
18018018
18118118
18218218
18318318
18418418
18518518
18618618
18718718
18818818
18918918
19019019
19119119
19219219
19319319
19419419
19519519
19619619
19719719
19819819
19919919
20020020
20120120
20220220
20320320
20420420
20520520
20620620
20720720
20820820
20920920
21021021
21121121
21221221
21321321
21421421
21521521
21621621
21721721
21821821
21921921
22022022
22122122
22322322
22422422
22522522
22622622
22722722
22822822
22922922
23023023
23123123
23223223
23323323
23423423
23523523
23623623
23723723
23823823
23923923
24024024
24124124
24224224
24324324
24424424
24524524
24624624
24724724
24824824
24924924
25025025
25125125
25225225
25325325
25425425
25525525
25625625
25725725
25825825
25925925
26026026
26126126
26226226
26326326
26426426
26526526
26626626
26726726
26826826
26926926
27027027
27127127
27227227
27327327
27427427
27527527
27627627
27727727
27827827
27927927
28028028
28128128
28228228
28328328
28428428
28528528
28628628
28728728
28828828
28928928
29029029
29129129
29229229
29329329
29429429
29529529
29629629
29729729
29829829
29929929
30030030
30130130
30230230
30330330
30430430
30530530
30630630
30730730
30830830
30930930
31031031
31131131
31231231
31331331
31431431
31531531
31631631
31731731
31831831
31931931
32032032
32132132
32232232
32332332
32432432
32532532
32632632
32732732
32832832
32932932
33033033
33133133
33233233
33433433
33533533
33633633
33733733
33833833
33933933
34034034
34134134
34234234
34334334
34434434
34534534
34634634
34734734
34834834
34934934
35035035
35135135
35235235
35335335
35435435
35535535
35635635
35735735
35835835
35935935
36036036
36136136
36236236
36336336
36436436
36536536
36636636
36736736
36836836
36936936
37037037
37137137
37237237
37337337
37437437
37537537
37637637
37737737
37837837
37937937
38038038
38138138
38238238
38338338
38438438
38538538
38638638
38738738
38838838
38938938
39039039
39139139
39239239
39339339
39439439
39539539
39639639
39739739
39839839
39939939
40040040
40140140
40240240
40340340
40440440
40540540
40640640
40740740
40840840
40940940
41041041
41141141
41241241
41341341
41441441
41541541
41641641
41741741
41841841
41941941
42042042
42142142
42242242
42342342
42442442
42542542
42642642
42742742
42842842
42942942
43043043
43143143
43243243
43343343
43443443
43543543
43643643
43743743
43843843
43943943
44044044
44144144
44244244
44344344
44544544
44644644
44744744
44844844
44944944
45045045
45145145
45245245
45345345
45445445
45545545
45645645
45745745
45845845
45945945
46046046
46146146
46246246
46346346
46446446
46546546
46646646
46746746
46846846
46946946
47047047
47147147
47247247
47347347
47447447
47547547
47647647
47747747
47847847
47947947
48048048
48148148
48248248
48348348
48448448
48548548
48648648
48748748
48848848
48948948
49049049
49149149
49249249
49349349
49449449
49549549
49649649
49749749
49849849
49949949
50050050
50150150
50250250
50350350
50450450
50550550
50650650
50750750
50850850
50950950
51051051
51151151
51251251
51351351
51451451
51551551
51651651
51751751
51851851
51951951
52052052
52152152
52252252
52352352
52452452
52552552
52652652
52752752
52852852
52952952
53053053
53153153
53253253
53353353
53453453
53553553
53653653
53753753
53853853
53953953
54054054
54154154
54254254
54354354
54454454
54554554
54654654
54754754
54854854
54954954
55055055
55155155
55255255
55355355
55455455
55655655
55755755
55855855
55955955
56056056
56156156
56256256
56356356
56456456
56556556
56656656
56756756
56856856
56956956
57057057
57157157
57257257
57357357
57457457
57557557
57657657
57757757
57857857
57957957
58058058
58158158
58258258
58358358
58458458
58558558
58658658
58758758
58858858
58958958
59059059
59159159
59259259
59359359
59459459
59559559
59659659
59759759
59859859
59959959
60060060
60160160
60260260
60360360
60460460
60560560
60660660
60760760
60860860
60960960
61061061
61161161
61261261
61361361
61461461
61561561
61661661
61761761
61861861
61961961
62062062
62162162
62262262
62362362
62462462
62562562
62662662
62762762
62862862
62962962
63063063
63163163
63263263
63363363
63463463
63563563
63663663
63763763
63863863
63963963
64064064
64164164
64264264
64364364
64464464
64564564
64664664
64764764
64864864
64964964
65065065
65165165
65265265
65365365
65465465
65565565
65665665
65765765
65865865
65965965
66066066
66166166
66266266
66366366
66466466
66566566
66766766
66866866
66966966
67067067
67167167
67267267
67367367
67467467
67567567
67667667
67767767
67867867
67967967
68068068
68168168
68268268
68368368
68468468
68568568
68668668
68768768
68868868
68968968
69069069
69169169
69269269
69369369
69469469
69569569
69669669
69769769
69869869
69969969
70070070
70170170
70270270
70370370
70470470
70570570
70670670
70770770
70870870
70970970
71071071
71171171
71271271
71371371
71471471
71571571
71671671
71771771
71871871
71971971
72072072
72172172
72272272
72372372
72472472
72572572
72672672
72772772
72872872
72972972
73073073
73173173
73273273
73373373
73473473
73573573
73673673
73773773
73873873
73973973
74074074
74174174
74274274
74374374
74474474
74574574
74674674
74774774
74874874
74974974
75075075
75175175
75275275
75375375
75475475
75575575
75675675
75775775
75875875
75975975
76076076
76176176
76276276
76376376
76476476
76576576
76676676
76776776
76876876
76976976
77077077
77177177
77277277
77377377
77477477
77577577
77677677
77877877
77977977
78078078
78178178
78278278
78378378
78478478
78578578
78678678
78778778
78878878
78978978
79079079
79179179
79279279
79379379
79479479
79579579
79679679
79779779
79879879
79979979
80080080
80180180
80280280
80380380
80480480
80580580
80680680
80780780
80880880
80980980
81081081
81181181
81281281
81381381
81481481
81581581
81681681
81781781
81881881
81981981
82082082
82182182
82282282
82382382
82482482
82582582
82682682
82782782
82882882
82982982
83083083
83183183
83283283
83383383
83483483
83583583
83683683
83783783
83883883
83983983
84084084
84184184
84284284
84384384
84484484
84584584
84684684
84784784
84884884
84984984
85085085
85185185
85285285
85385385
85485485
85585585
85685685
85785785
85885885
85985985
86086086
86186186
86286286
86386386
86486486
86586586
86686686
86786786
86886886
86986986
87087087
87187187
87287287
87387387
87487487
87587587
87687687
87787787
87887887
87987987
88088088
88188188
88288288
88388388
88488488
88588588
88688688
88788788
88988988
89089089
89189189
89289289
89389389
89489489
89589589
89689689
89789789
89889889
89989989
90090090
90190190
90290290
90390390
90490490
90590590
90690690
90790790
90890890
90990990
91091091
91191191
91291291
91391391
91491491
91591591
91691691
91791791
91891891
91991991
92092092
92192192
92292292
92392392
92492492
92592592
92692692
92792792
92892892
92992992
93093093
93193193
93293293
93393393
93493493
93593593
93693693
93793793
93893893
93993993
94094094
94194194
94294294
94394394
94494494
94594594
94694694
94794794
94894894
94994994
95095095
95195195
95295295
95395395
95495495
95595595
95695695
95795795
95895895
95995995
96096096
96196196
96296296
96396396
96496496
96596596
96696696
96796796
96896896
96996996
97097097
97197197
97297297
97397397
97497497
97597597
97697697
97797797
97897897
97997997
98098098
98198198
98298298
98398398
98498498
98598598
98698698
98798798
98898898
98998998
99099099
99199199
99299299
99399399
99499499
99599599
99699699
99799799
99899899
00001111
00002222
00003333
00004444
00005555
00006666
00007777
00008888
00009999
11110000
11112222
11113333
11114444
11115555
11116666
11117777
11118888
11119999
22220000
22221111
22223333
22224444
22225555
22226666
22227777
22228888
22229999
33330000
33331111
33332222
33334444
33335555
33336666
33337777
33338888
33339999
44440000
44441111
44442222
44443333
44445555
44446666
44447777
44448888
44449999
55550000
55551111
55552222
55553333
55554444
55556666
55557777
55558888
55559999
66660000
66661111
66662222
66663333
66664444
66665555
66667777
66668888
66669999
77770000
77771111
77772222
77773333
77774444
77775555
77776666
77778888
77779999
88880000
88881111
88882222
88883333
88884444
88885555
88886666
88887777
88889999
99990000
99991111
99992222
99993333
99994444
99995555
99996666
99997777
99998888
00110000
00111111
00112222
00113333
00114444
00115555
00116666
00117777
00118888
00119999
00220000
00221111
00222222
00223333
00224444
00225555
00226666
00227777
00228888
00229999
00330000
00331111
00332222
00333333
00334444
00335555
00336666
00337777
00338888
00339999
00440000
00441111
00442222
00443333
00444444
00445555
00446666
00447777
00448888
00449999
00550000
00551111
00552222
00553333
00554444
00555555
00556666
00557777
00558888
00559999
00660000
00661111
00662222
00663333
00664444
00665555
00666666
00667777
00668888
00669999
00770000
00771111
00772222
00773333
00774444
00775555
00776666
00777777
00778888
00779999
00880000
00881111
00882222
00883333
00884444
00885555
00886666
00887777
00888888
00889999
00990000
00991111
00992222
00993333
00994444
00995555
00996666
00997777
00998888
00999999
11000000
11001111
11002222
11003333
11004444
11005555
11006666
11007777
11008888
11009999
11220000
11221111
11222222
11223333
11224444
11225555
11226666
11227777
11228888
11229999
11330000
11331111
11332222
11333333
11334444
11335555
11336666
11337777
11338888
11339999
11440000
11441111
11442222
11443333
11444444
11445555
11446666
11447777
11448888
11449999
11550000
11551111
11552222
11553333
11554444
11555555
11556666
11557777
11558888
11559999
11660000
11661111
11662222
11663333
11664444
11665555
11666666
11667777
11668888
11669999
11770000
11771111
11772222
11773333
11774444
11775555
11776666
11777777
11778888
11779999
11880000
11881111
11882222
11883333
11884444
11885555
11886666
11887777
11888888
11889999
11990000
11991111
11992222
11993333
11994444
11995555
11996666
11997777
11998888
11999999
22000000
22001111
22002222
22003333
22004444
22005555
22006666
22007777
22008888
22009999
22110000
22111111
22112222
22113333
22114444
22115555
22116666
22117777
22118888
22119999
22330000
22331111
22332222
22333333
22334444
22335555
22336666
22337777
22338888
22339999
22440000
22441111
22442222
22443333
22444444
22445555
22446666
22447777
22448888
22449999
22550000
22551111
22552222
22553333
22554444
22555555
22556666
22557777
22558888
22559999
22660000
22661111
22662222
22663333
22664444
22665555
22666666
22667777
22668888
22669999
22770000
22771111
22772222
22773333
22774444
22775555
22776666
22777777
22778888
22779999
22880000
22881111
22882222
22883333
22884444
22885555
22886666
22887777
22888888
22889999
22990000
22991111
22992222
22993333
22994444
22995555
22996666
22997777
22998888
22999999
33000000
33001111
33002222
33003333
33004444
33005555
33006666
33007777
33008888
33009999
33110000
33111111
33112222
33113333
33114444
33115555
33116666
33117777
33118888
33119999
33220000
33221111
33222222
33223333
33224444
33225555
33226666
33227777
33228888
33229999
33440000
33441111
33442222
33443333
33444444
33445555
33446666
33447777
33448888
33449999
33550000
33551111
33552222
33553333
33554444
33555555
33556666
33557777
33558888
33559999
33660000
33661111
33662222
33663333
33664444
33665555
33666666
33667777
33668888
33669999
33770000
33771111
33772222
33773333
33774444
33775555
33776666
33777777
33778888
33779999
33880000
33881111
33882222
33883333
33884444
33885555
33886666
33887777
33888888
33889999
33990000
33991111
33992222
33993333
33994444
33995555
33996666
33997777
33998888
33999999
44000000
44001111
44002222
44003333
44004444
44005555
44006666
44007777
44008888
44009999
44110000
44111111
44112222
44113333
44114444
44115555
44116666
44117777
44118888
44119999
44220000
44221111
44222222
44223333
44224444
44225555
44226666
44227777
44228888
44229999
44330000
44331111
44332222
44333333
44334444
44335555
44336666
44337777
44338888
44339999
44550000
44551111
44552222
44553333
44554444
44555555
44556666
44557777
44558888
44559999
44660000
44661111
44662222
44663333
44664444
44665555
44666666
44667777
44668888
44669999
44770000
44771111
44772222
44773333
44774444
44775555
44776666
44777777
44778888
44779999
44880000
44881111
44882222
44883333
44884444
44885555
44886666
44887777
44888888
44889999
44990000
44991111
44992222
44993333
44994444
44995555
44996666
44997777
44998888
44999999
55000000
55001111
55002222
55003333
55004444
55005555
55006666
55007777
55008888
55009999
55110000
55111111
55112222
55113333
55114444
55115555
55116666
55117777
55118888
55119999
55220000
55221111
55222222
55223333
55224444
55225555
55226666
55227777
55228888
55229999
55330000
55331111
55332222
55333333
55334444
55335555
55336666
55337777
55338888
55339999
55440000
55441111
55442222
55443333
55444444
55445555
55446666
55447777
55448888
55449999
55660000
55661111
55662222
55663333
55664444
55665555
55666666
55667777
55668888
55669999
55770000
55771111
55772222
55773333
55774444
55775555
55776666
55777777
55778888
55779999
55880000
55881111
55882222
55883333
55884444
55885555
55886666
55887777
55888888
55889999
55990000
55991111
55992222
55993333
55994444
55995555
55996666
55997777
55998888
55999999
66000000
66001111
66002222
66003333
66004444
66005555
66006666
66007777
66008888
66009999
66110000
66111111
66112222
66113333
66114444
66115555
66116666
66117777
66118888
66119999
66220000
66221111
66222222
66223333
66224444
66225555
66226666
66227777
66228888
66229999
66330000
66331111
66332222
66333333
66334444
66335555
66336666
66337777
66338888
66339999
66440000
66441111
66442222
66443333
66444444
66445555
66446666
66447777
66448888
66449999
66550000
66551111
66552222
66553333
66554444
66555555
66556666
66557777
66558888
66559999
66770000
66771111
66772222
66773333
66774444
66775555
66776666
66777777
66778888
66779999
66880000
66881111
66882222
66883333
66884444
66885555
66886666
66887777
66888888
66889999
66990000
66991111
66992222
66993333
66994444
66995555
66996666
66997777
66998888
66999999
77000000
77001111
77002222
77003333
77004444
77005555
77006666
77007777
77008888
77009999
77110000
77111111
77112222
77113333
77114444
77115555
77116666
77117777
77118888
77119999
77220000
77221111
77222222
77223333
77224444
77225555
77226666
77227777
77228888
77229999
77330000
77331111
77332222
77333333
77334444
77335555
77336666
77337777
77338888
77339999
77440000
77441111
77442222
77443333
77444444
77445555
77446666
77447777
77448888
77449999
77550000
77551111
77552222
77553333
77554444
77555555
77556666
77557777
77558888
77559999
77660000
77661111
77662222
77663333
77664444
77665555
77666666
77667777
77668888
77669999
77880000
77881111
77882222
77883333
77884444
77885555
77886666
77887777
77888888
77889999
77990000
77991111
77992222
77993333
77994444
77995555
77996666
77997777
77998888
77999999
88000000
88001111
88002222
88003333
88004444
88005555
88006666
88007777
88008888
88009999
88110000
88111111
88112222
88113333
88114444
88115555
88116666
88117777
88118888
88119999
88220000
88221111
88222222
88223333
88224444
88225555
88226666
88227777
88228888
88229999
88330000
88331111
88332222
88333333
88334444
88335555
88336666
88337777
88338888
88339999
88440000
88441111
88442222
88443333
88444444
88445555
88446666
88447777
88448888
88449999
88550000
88551111
88552222
88553333
88554444
88555555
88556666
88557777
88558888
88559999
88660000
88661111
88662222
88663333
88664444
88665555
88666666
88667777
88668888
88669999
88770000
88771111
88772222
88773333
88774444
88775555
88776666
88777777
88778888
88779999
88990000
88991111
88992222
88993333
88994444
88995555
88996666
88997777
88998888
88999999
99000000
99001111
99002222
99003333
99004444
99005555
99006666
99007777
99008888
99009999
99110000
99111111
99112222
99113333
99114444
99115555
99116666
99117777
99118888
99119999
99220000
99221111
99222222
99223333
99224444
99225555
99226666
99227777
99228888
99229999
99330000
99331111
99332222
99333333
99334444
99335555
99336666
99337777
99338888
99339999
99440000
99441111
99442222
99443333
99444444
99445555
99446666
99447777
99448888
99449999
99550000
99551111
99552222
99553333
99554444
99555555
99556666
99557777
99558888
99559999
99660000
99661111
99662222
99663333
99664444
99665555
99666666
99667777
99668888
99669999
99770000
99771111
99772222
99773333
99774444
99775555
99776666
99777777
99778888
99779999
99880000
99881111
99882222
99883333
99884444
99885555
99886666
99887777
99888888
99889999
19400000
00001940
19401111
19401940
19410000
00001941
19411111
19411941
19420000
00001942
19421111
19421942
19430000
00001943
19431111
19431943
19440000
00001944
19441111
19441944
19450000
00001945
19451111
19451945
19460000
00001946
19461111
19461946
19470000
00001947
19471111
19471947
19480000
00001948
19481111
19481948
19490000
00001949
19491111
19491949
19500000
00001950
19501111
19501950
19510000
00001951
19511111
19511951
19520000
00001952
19521111
19521952
19530000
00001953
19531111
19531953
19540000
00001954
19541111
19541954
19550000
00001955
19551111
19551955
19560000
00001956
19561111
19561956
19570000
00001957
19571111
19571957
19580000
00001958
19581111
19581958
19590000
00001959
19591111
19591959
19600000
00001960
19601111
19601960
19610000
00001961
19611111
19611961
19620000
00001962
19621111
19621962
19630000
00001963
19631111
19631963
19640000
00001964
19641111
19641964
19650000
00001965
19651111
19651965
19660000
00001966
19661111
19661966
19670000
00001967
19671111
19671967
19680000
00001968
19681111
19681968
19690000
00001969
19691111
19691969
19700000
00001970
19701111
19701970
19710000
00001971
19711111
19711971
19720000
00001972
19721111
19721972
19730000
00001973
19731111
19731973
19740000
00001974
19741111
19741974
19750000
00001975
19751111
19751975
19760000
00001976
19761111
19761976
19770000
00001977
19771111
19771977
19780000
00001978
19781111
19781978
19790000
00001979
19791111
19791979
19800000
00001980
19801111
19801980
19810000
00001981
19811111
19811981
19820000
00001982
19821111
19821982
19830000
00001983
19831111
19831983
19840000
00001984
19841111
19841984
19850000
00001985
19851111
19851985
19860000
00001986
19861111
19861986
19870000
00001987
19871111
19871987
19880000
00001988
19881111
19881988
19890000
00001989
19891111
19891989
19900000
00001990
19901111
19901990
19910000
00001991
19911111
19911991
19920000
00001992
19921111
19921992
19930000
00001993
19931111
19931993
19940000
00001994
19941111
19941994
19950000
00001995
19951111
19951995
19960000
00001996
19961111
19961996
19970000
00001997
19971111
19971997
19980000
00001998
19981111
19981998
19990000
00001999
19991111
19991999
20000000
00002000
20001111
20002000
20010000
00002001
20011111
20012001
20020000
00002002
20021111
20022002
20030000
00002003
20031111
20032003
20040000
00002004
20041111
20042004
20050000
00002005
20051111
20052005
20060000
00002006
20061111
20062006
20070000
00002007
20071111
20072007
20080000
00002008
20081111
20082008
20090000
00002009
20091111
20092009
20100000
00002010
20101111
20102010
20110000
00002011
20111111
20112011
20120000
00002012
20121111
20122012
20130000
00002013
20131111
20132013
20140000
00002014
20141111
20142014
20150000
00002015
20151111
20152015
20160000
00002016
20161111
20162016
20170000
00002017
20171111
20172017
20180000
00002018
20181111
20182018
20190000
00002019
20191111
20192019
20200000
00002020
20201111
20210000
00002021
20211111
20212021
20220000
00002022
20221111
20222022
20230000
00002023
20231111
20232023
20240000
00002024
20241111
20242024
20250000
00002025
20251111
20252025
20260000
00002026
20261111
20262026
10000000
30000000
40000000
50000000
60000000
70000000
80000000
90000000
01000000
02000000
03000000
04000000
05000000
06000000
07000000
08000000
09000000
00100000
00200000
00300000
00400000
00500000
00600000
00700000
00800000
00900000
00010000
00020000
00030000
00040000
00050000
00060000
00070000
00080000
00090000
00001000
00003000
00004000
00005000
00006000
00007000
00008000
00009000
00000100
00000200
00000300
00000400
00000500
00000600
00000700
00000800
00000900
00000010
00000020
00000030
00000040
00000050
00000060
00000070
00000080
00000090
00000001
00000002
00000003
00000004
00000005
00000006
00000007
00000008
00000009
12341234
12340000
00001234
12120000
00001212
11221122
00001122
10100000
00001010
25802580
25800000
00002580
13571357
13570000
00001357
24682468
24680000
00002468
13791379
13790000
00001379
69690000
00006969
00070007
00010001
10001000
30003000
60006000
80008000
90009000
