000000000
111111111
222222222
333333333
444444444
555555555
666666666
777777777
888888888
999999999
012345678
123456789
234567890
345678901
456789012
567890123
678901234
789012345
890123456
901234567
987654321
876543210
765432109
654321098
543210987
432109876
321098765
210987654
109876543
098765432
010101010
020202020
030303030
040404040
050505050
060606060
070707070
080808080
090909090
101010101
121212121
131313131
141414141
151515151
161616161
171717171
181818181
191919191
202020202
212121212
232323232
242424242
252525252
262626262
272727272
282828282
292929292
303030303
313131313
323232323
343434343
353535353
363636363
373737373
383838383
393939393
404040404
414141414
424242424
434343434
454545454
464646464
474747474
484848484
494949494
505050505
515151515
525252525
535353535
545454545
565656565
575757575
585858585
595959595
606060606
616161616
626262626
636363636
646464646
656565656
676767676
686868686
696969696
707070707
717171717
727272727
737373737
747474747
757575757
767676767
787878787
797979797
808080808
818181818
828282828
838383838
848484848
858585858
868686868
878787878
898989898
909090909
919191919
929292929
939393939
949494949
959595959
969696969
979797979
989898989
001001001
002002002
003003003
004004004
005005005
006006006
007007007
008008008
009009009
010010010
011011011
012012012
013013013
014014014
015015015
016016016
017017017
018018018
019019019
020020020
021021021
022022022
023023023
024024024
025025025
026026026
027027027
028028028
029029029
030030030
031031031
032032032
033033033
034034034
035035035
036036036
037037037
038038038
039039039
040040040
041041041
042042042
043043043
044044044
045045045
046046046
047047047
048048048
049049049
050050050
051051051
052052052
053053053
054054054
055055055
056056056
057057057
058058058
059059059
060060060
061061061
062062062
063063063
064064064
065065065
066066066
067067067
068068068
069069069
070070070
071071071
072072072
073073073
074074074
075075075
076076076
077077077
078078078
079079079
080080080
081081081
082082082
083083083
084084084
085085085
086086086
087087087
088088088
089089089
090090090
091091091
092092092
093093093
094094094
095095095
096096096
097097097
098098098
099099099
100100100
101101101
102102102
103103103
104104104
105105105
106106106
107107107
108108108
109109109
110110110
112112112
113113113
114114114
115115115
116116116
117117117
118118118
119119119
120120120
121121121
122122122
123123123
124124124
125125125
126126126
127127127
128128128
129129129
130130130
131131131
132132132
133133133
134134134
135135135
136136136
137137137
138138138
139139139
140140140
141141141
142142142
143143143
144144144
145145145
146146146
147147147
148148148
149149149
150150150
151151151
152152152
153153153
154154154
155155155
156156156
157157157
158158158
159159159
160160160
161161161
162162162
163163163
164164164
165165165
166166166
167167167
168168168
169169169
170170170
171171171
172172172
173173173
174174174
175175175
176176176
177177177
178178178
179179179
180180180
181181181
182182182
183183183
184184184
185185185
186186186
187187187
188188188
189189189
190190190
191191191
192192192
193193193
194194194
195195195
196196196
197197197
198198198
199199199
200200200
201201201
202202202
203203203
204204204
205205205
206206206
207207207
208208208
209209209
210210210
211211211
212212212
213213213
214214214
215215215
216216216
217217217
218218218
219219219
220220220
221221221
223223223
224224224
225225225
226226226
227227227
228228228
229229229
230230230
231231231
232232232
233233233
234234234
235235235
236236236
237237237
238238238
239239239
240240240
241241241
242242242
243243243
244244244
245245245
246246246
247247247
248248248
249249249
250250250
251251251
252252252
253253253
254254254
255255255
256256256
257257257
258258258
259259259
260260260
261261261
262262262
263263263
264264264
265265265
266266266
267267267
268268268
269269269
270270270
271271271
272272272
273273273
274274274
275275275
276276276
277277277
278278278
279279279
280280280
281281281
282282282
283283283
284284284
285285285
286286286
287287287
288288288
289289289
290290290
291291291
292292292
293293293
294294294
295295295
296296296
297297297
298298298
299299299
300300300
301301301
302302302
303303303
304304304
305305305
306306306
307307307
308308308
309309309
310310310
311311311
312312312
313313313
314314314
315315315
316316316
317317317
318318318
319319319
320320320
321321321
322322322
323323323
324324324
325325325
326326326
327327327
328328328
329329329
330330330
331331331
332332332
334334334
335335335
336336336
337337337
338338338
339339339
340340340
341341341
342342342
343343343
344344344
345345345
346346346
347347347
348348348
349349349
350350350
351351351
352352352
353353353
354354354
355355355
356356356
357357357
358358358
359359359
360360360
361361361
362362362
363363363
364364364
365365365
366366366
367367367
368368368
369369369
370370370
371371371
372372372
373373373
374374374
375375375
376376376
377377377
378378378
379379379
380380380
381381381
382382382
383383383
384384384
385385385
386386386
387387387
388388388
389389389
390390390
391391391
392392392
393393393
394394394
395395395
396396396
397397397
398398398
399399399
400400400
401401401
402402402
403403403
404404404
405405405
406406406
407407407
408408408
409409409
410410410
411411411
412412412
413413413
414414414
415415415
416416416
417417417
418418418
419419419
420420420
421421421
422422422
423423423
424424424
425425425
426426426
427427427
428428428
429429429
430430430
431431431
432432432
433433433
434434434
435435435
436436436
437437437
438438438
439439439
440440440
441441441
442442442
443443443
445445445
446446446
447447447
448448448
449449449
450450450
451451451
452452452
453453453
454454454
455455455
456456456
457457457
458458458
459459459
460460460
461461461
462462462
463463463
464464464
465465465
466466466
467467467
468468468
469469469
470470470
471471471
472472472
473473473
474474474
475475475
476476476
477477477
478478478
479479479
480480480
481481481
482482482
483483483
484484484
485485485
486486486
487487487
488488488
489489489
490490490
491491491
492492492
493493493
494494494
495495495
496496496
497497497
498498498
499499499
500500500
501501501
502502502
503503503
504504504
505505505
506506506
507507507
508508508
509509509
510510510
511511511
512512512
513513513
514514514
515515515
516516516
517517517
518518518
519519519
520520520
521521521
522522522
523523523
524524524
525525525
526526526
527527527
528528528
529529529
530530530
531531531
532532532
533533533
534534534
535535535
536536536
537537537
538538538
539539539
540540540
541541541
542542542
543543543
544544544
545545545
546546546
547547547
548548548
549549549
550550550
551551551
552552552
553553553
554554554
556556556
557557557
558558558
559559559
560560560
561561561
562562562
563563563
564564564
565565565
566566566
567567567
568568568
569569569
570570570
571571571
572572572
573573573
574574574
575575575
576576576
577577577
578578578
579579579
580580580
581581581
582582582
583583583
584584584
585585585
586586586
587587587
588588588
589589589
590590590
591591591
592592592
593593593
594594594
595595595
596596596
597597597
598598598
599599599
600600600
601601601
602602602
603603603
604604604
605605605
606606606
607607607
608608608
609609609
610610610
611611611
612612612
613613613
614614614
615615615
616616616
617617617
618618618
619619619
620620620
621621621
622622622
623623623
624624624
625625625
626626626
627627627
628628628
629629629
630630630
631631631
632632632
633633633
634634634
635635635
636636636
637637637
638638638
639639639
640640640
641641641
642642642
643643643
644644644
645645645
646646646
647647647
648648648
649649649
650650650
651651651
652652652
653653653
654654654
655655655
656656656
657657657
658658658
659659659
660660660
661661661
662662662
663663663
664664664
665665665
667667667
668668668
669669669
670670670
671671671
672672672
673673673
674674674
675675675
676676676
677677677
678678678
679679679
680680680
681681681
682682682
683683683
684684684
685685685
686686686
687687687
688688688
689689689
690690690
691691691
692692692
693693693
694694694
695695695
696696696
697697697
698698698
699699699
700700700
701701701
702702702
703703703
704704704
705705705
706706706
707707707
708708708
709709709
710710710
711711711
712712712
713713713
714714714
715715715
716716716
717717717
718718718
719719719
720720720
721721721
722722722
723723723
724724724
725725725
726726726
727727727
728728728
729729729
730730730
731731731
732732732
733733733
734734734
735735735
736736736
737737737
738738738
739739739
740740740
741741741
742742742
743743743
744744744
745745745
746746746
747747747
748748748
749749749
750750750
751751751
752752752
753753753
754754754
755755755
756756756
757757757
758758758
759759759
760760760
761761761
762762762
763763763
764764764
765765765
766766766
767767767
768768768
769769769
770770770
771771771
772772772
773773773
774774774
775775775
776776776
778778778
779779779
780780780
781781781
782782782
783783783
784784784
785785785
786786786
787787787
788788788
789789789
790790790
791791791
792792792
793793793
794794794
795795795
796796796
797797797
798798798
799799799
800800800
801801801
802802802
803803803
804804804
805805805
806806806
807807807
808808808
809809809
810810810
811811811
812812812
813813813
814814814
815815815
816816816
817817817
818818818
819819819
820820820
821821821
822822822
823823823
824824824
825825825
826826826
827827827
828828828
829829829
830830830
831831831
832832832
833833833
834834834
835835835
836836836
837837837
838838838
839839839
840840840
841841841
842842842
843843843
844844844
845845845
846846846
847847847
848848848
849849849
850850850
851851851
852852852
853853853
854854854
855855855
856856856
857857857
858858858
859859859
860860860
861861861
862862862
863863863
864864864
865865865
866866866
867867867
868868868
869869869
870870870
871871871
872872872
873873873
874874874
875875875
876876876
877877877
878878878
879879879
880880880
881881881
882882882
883883883
884884884
885885885
886886886
887887887
889889889
890890890
891891891
892892892
893893893
894894894
895895895
896896896
897897897
898898898
899899899
900900900
901901901
902902902
903903903
904904904
905905905
906906906
907907907
908908908
909909909
910910910
911911911
912912912
913913913
914914914
915915915
916916916
917917917
918918918
919919919
920920920
921921921
922922922
923923923
924924924
925925925
926926926
927927927
928928928
929929929
930930930
931931931
932932932
933933933
934934934
935935935
936936936
937937937
938938938
939939939
940940940
941941941
942942942
943943943
944944944
945945945
946946946
947947947
948948948
949949949
950950950
951951951
952952952
953953953
954954954
955955955
956956956
957957957
958958958
959959959
960960960
961961961
962962962
963963963
964964964
965965965
966966966
967967967
968968968
969969969
970970970
971971971
972972972
973973973
974974974
975975975
976976976
977977977
978978978
979979979
980980980
981981981
982982982
983983983
984984984
985985985
986986986
987987987
988988988
989989989
990990990
991991991
992992992
993993993
994994994
995995995
996996996
997997997
998998998
000011111
000022222
000033333
000044444
000055555
000066666
000077777
000088888
000099999
111100000
111122222
111133333
111144444
111155555
111166666
111177777
111188888
111199999
222200000
222211111
222233333
222244444
222255555
222266666
222277777
222288888
222299999
333300000
333311111
333322222
333344444
333355555
333366666
333377777
333388888
333399999
444400000
444411111
444422222
444433333
444455555
444466666
444477777
444488888
444499999
555500000
555511111
555522222
555533333
555544444
555566666
555577777
555588888
555599999
666600000
666611111
666622222
666633333
666644444
666655555
666677777
666688888
666699999
777700000
777711111
777722222
777733333
777744444
777755555
777766666
777788888
777799999
888800000
888811111
888822222
888833333
888844444
888855555
888866666
888877777
888899999
999900000
999911111
999922222
999933333
999944444
999955555
999966666
999977777
999988888
000011110
000022220
000033330
000044440
000055550
000066660
000077770
000088880
000099990
001100001
001111111
001122221
001133331
001144441
001155551
001166661
001177771
001188881
001199991
002200002
002211112
002222222
002233332
002244442
002255552
002266662
002277772
002288882
002299992
003300003
003311113
003322223
003333333
003344443
003355553
003366663
003377773
003388883
003399993
004400004
004411114
004422224
004433334
004444444
004455554
004466664
004477774
004488884
004499994
005500005
005511115
005522225
005533335
005544445
005555555
005566665
005577775
005588885
005599995
006600006
006611116
006622226
006633336
006644446
006655556
006666666
006677776
006688886
006699996
007700007
007711117
007722227
007733337
007744447
007755557
007766667
007777777
007788887
007799997
008800008
008811118
008822228
008833338
008844448
008855558
008866668
008877778
008888888
008899998
009900009
009911119
009922229
009933339
009944449
009955559
009966669
009977779
009988889
009999999
110000000
110011110
110022220
110033330
110044440
110055550
110066660
110077770
110088880
110099990
111100001
111122221
111133331
111144441
111155551
111166661
111177771
111188881
111199991
112200002
112211112
112222222
112233332
112244442
112255552
112266662
112277772
112288882
112299992
113300003
113311113
113322223
113333333
113344443
113355553
113366663
113377773
113388883
113399993
114400004
114411114
114422224
114433334
114444444
114455554
114466664
114477774
114488884
114499994
115500005
115511115
115522225
115533335
115544445
115555555
115566665
115577775
115588885
115599995
116600006
116611116
116622226
116633336
116644446
116655556
116666666
116677776
116688886
116699996
117700007
117711117
117722227
117733337
117744447
117755557
117766667
117777777
117788887
117799997
118800008
118811118
118822228
118833338
118844448
118855558
118866668
118877778
118888888
118899998
119900009
119911119
119922229
119933339
119944449
119955559
119966669
119977779
119988889
119999999
220000000
220011110
220022220
220033330
220044440
220055550
220066660
220077770
220088880
220099990
221100001
221111111
221122221
221133331
221144441
221155551
221166661
221177771
221188881
221199991
222200002
222211112
222233332
222244442
222255552
222266662
222277772
222288882
222299992
223300003
223311113
223322223
223333333
223344443
223355553
223366663
223377773
223388883
223399993
224400004
224411114
224422224
224433334
224444444
224455554
224466664
224477774
224488884
224499994
225500005
225511115
225522225
225533335
225544445
225555555
225566665
225577775
225588885
225599995
226600006
226611116
226622226
226633336
226644446
226655556
226666666
226677776
226688886
226699996
227700007
227711117
227722227
227733337
227744447
227755557
227766667
227777777
227788887
227799997
228800008
228811118
228822228
228833338
228844448
228855558
228866668
228877778
228888888
228899998
229900009
229911119
229922229
229933339
229944449
229955559
229966669
229977779
229988889
229999999
330000000
330011110
330022220
330033330
330044440
330055550
330066660
330077770
330088880
330099990
331100001
331111111
331122221
331133331
331144441
331155551
331166661
331177771
331188881
331199991
332200002
332211112
332222222
332233332
332244442
332255552
332266662
332277772
332288882
332299992
333300003
333311113
333322223
333344443
333355553
333366663
333377773
333388883
333399993
334400004
334411114
334422224
334433334
334444444
334455554
334466664
334477774
334488884
334499994
335500005
335511115
335522225
335533335
335544445
335555555
335566665
335577775
335588885
335599995
336600006
336611116
336622226
336633336
336644446
336655556
336666666
336677776
336688886
336699996
337700007
337711117
337722227
337733337
337744447
337755557
337766667
337777777
337788887
337799997
338800008
338811118
338822228
338833338
338844448
338855558
338866668
338877778
338888888
338899998
339900009
339911119
339922229
339933339
339944449
339955559
339966669
339977779
339988889
339999999
440000000
440011110
440022220
440033330
440044440
440055550
440066660
440077770
440088880
440099990
441100001
441111111
441122221
441133331
441144441
441155551
441166661
441177771
441188881
441199991
442200002
442211112
442222222
442233332
442244442
442255552
442266662
442277772
442288882
442299992
443300003
443311113
443322223
443333333
443344443
443355553
443366663
443377773
443388883
443399993
444400004
444411114
444422224
444433334
444455554
444466664
444477774
444488884
444499994
445500005
445511115
445522225
445533335
445544445
445555555
445566665
445577775
445588885
445599995
446600006
446611116
446622226
446633336
446644446
446655556
446666666
446677776
446688886
446699996
447700007
447711117
447722227
447733337
447744447
447755557
447766667
447777777
447788887
447799997
448800008
448811118
448822228
448833338
448844448
448855558
448866668
448877778
448888888
448899998
449900009
449911119
449922229
449933339
449944449
449955559
449966669
449977779
449988889
449999999
550000000
550011110
550022220
550033330
550044440
550055550
550066660
550077770
550088880
550099990
551100001
551111111
551122221
551133331
551144441
551155551
551166661
551177771
551188881
551199991
552200002
552211112
552222222
552233332
552244442
552255552
552266662
552277772
552288882
552299992
553300003
553311113
553322223
553333333
553344443
553355553
553366663
553377773
553388883
553399993
554400004
554411114
554422224
554433334
554444444
554455554
554466664
554477774
554488884
554499994
555500005
555511115
555522225
555533335
555544445
555566665
555577775
555588885
555599995
556600006
556611116
556622226
556633336
556644446
556655556
556666666
556677776
556688886
556699996
557700007
557711117
557722227
557733337
557744447
557755557
557766667
557777777
557788887
557799997
558800008
558811118
558822228
558833338
558844448
558855558
558866668
558877778
558888888
558899998
559900009
559911119
559922229
559933339
559944449
559955559
559966669
559977779
559988889
559999999
660000000
660011110
660022220
660033330
660044440
660055550
660066660
660077770
660088880
660099990
661100001
661111111
661122221
661133331
661144441
661155551
661166661
661177771
661188881
661199991
662200002
662211112
662222222
662233332
662244442
662255552
662266662
662277772
662288882
662299992
663300003
663311113
663322223
663333333
663344443
663355553
663366663
663377773
663388883
663399993
664400004
664411114
664422224
664433334
664444444
664455554
664466664
664477774
664488884
664499994
665500005
665511115
665522225
665533335
665544445
665555555
665566665
665577775
665588885
665599995
666600006
666611116
666622226
666633336
666644446
666655556
666677776
666688886
666699996
667700007
667711117
667722227
667733337
667744447
667755557
667766667
667777777
667788887
667799997
668800008
668811118
668822228
668833338
668844448
668855558
668866668
668877778
668888888
668899998
669900009
669911119
669922229
669933339
669944449
669955559
669966669
669977779
669988889
669999999
770000000
770011110
770022220
770033330
770044440
770055550
770066660
770077770
770088880
770099990
771100001
771111111
771122221
771133331
771144441
771155551
771166661
771177771
771188881
771199991
772200002
772211112
772222222
772233332
772244442
772255552
772266662
772277772
772288882
772299992
773300003
773311113
773322223
773333333
773344443
773355553
773366663
773377773
773388883
773399993
774400004
774411114
774422224
774433334
774444444
774455554
774466664
774477774
774488884
774499994
775500005
775511115
775522225
775533335
775544445
775555555
775566665
775577775
775588885
775599995
776600006
776611116
776622226
776633336
776644446
776655556
776666666
776677776
776688886
776699996
777700007
777711117
777722227
777733337
777744447
777755557
777766667
777788887
777799997
778800008
778811118
778822228
778833338
778844448
778855558
778866668
778877778
778888888
778899998
779900009
779911119
779922229
779933339
779944449
779955559
779966669
779977779
779988889
779999999
880000000
880011110
880022220
880033330
880044440
880055550
880066660
880077770
880088880
880099990
881100001
881111111
881122221
881133331
881144441
881155551
881166661
881177771
881188881
881199991
882200002
882211112
882222222
882233332
882244442
882255552
882266662
882277772
882288882
882299992
883300003
883311113
883322223
883333333
883344443
883355553
883366663
883377773
883388883
883399993
884400004
884411114
884422224
884433334
884444444
884455554
884466664
884477774
884488884
884499994
885500005
885511115
885522225
885533335
885544445
885555555
885566665
885577775
885588885
885599995
886600006
886611116
886622226
886633336
886644446
886655556
886666666
886677776
886688886
886699996
887700007
887711117
887722227
887733337
887744447
887755557
887766667
887777777
887788887
887799997
888800008
888811118
888822228
888833338
888844448
888855558
888866668
888877778
888899998
889900009
889911119
889922229
889933339
889944449
889955559
889966669
889977779
889988889
889999999
990000000
990011110
990022220
990033330
990044440
990055550
990066660
990077770
990088880
990099990
991100001
991111111
991122221
991133331
991144441
991155551
991166661
991177771
991188881
991199991
992200002
992211112
992222222
992233332
992244442
992255552
992266662
992277772
992288882
992299992
993300003
993311113
993322223
993333333
993344443
993355553
993366663
993377773
993388883
993399993
994400004
994411114
994422224
994433334
994444444
994455554
994466664
994477774
994488884
994499994
995500005
995511115
995522225
995533335
995544445
995555555
995566665
995577775
995588885
995599995
996600006
996611116
996622226
996633336
996644446
996655556
996666666
996677776
996688886
996699996
997700007
997711117
997722227
997733337
997744447
997755557
997766667
997777777
997788887
997799997
998800008
998811118
998822228
998833338
998844448
998855558
998866668
998877778
998888888
998899998
999900009
999911119
999922229
999933339
999944449
999955559
999966669
999977779
999988889
194000000
000001940
194011111
194100000
000001941
194111111
194200000
000001942
194211111
194300000
000001943
194311111
194400000
000001944
194411111
194500000
000001945
194511111
194600000
000001946
194611111
194700000
000001947
194711111
194800000
000001948
194811111
194900000
000001949
194911111
195000000
000001950
195011111
195100000
000001951
195111111
195200000
000001952
195211111
195300000
000001953
195311111
195400000
000001954
195411111
195500000
000001955
195511111
195600000
000001956
195611111
195700000
000001957
195711111
195800000
000001958
195811111
195900000
000001959
195911111
196000000
000001960
196011111
196100000
000001961
196111111
196200000
000001962
196211111
196300000
000001963
196311111
196400000
000001964
196411111
196500000
000001965
196511111
196600000
000001966
196611111
196700000
000001967
196711111
196800000
000001968
196811111
196900000
000001969
196911111
197000000
000001970
197011111
197100000
000001971
197111111
197200000
000001972
197211111
197300000
000001973
197311111
197400000
000001974
197411111
197500000
000001975
197511111
197600000
000001976
197611111
197700000
000001977
197711111
197800000
000001978
197811111
197900000
000001979
197911111
198000000
000001980
198011111
198100000
000001981
198111111
198200000
000001982
198211111
198300000
000001983
198311111
198400000
000001984
198411111
198500000
000001985
198511111
198600000
000001986
198611111
198700000
000001987
198711111
198800000
000001988
198811111
198900000
000001989
198911111
199000000
000001990
199011111
199100000
000001991
199111111
199200000
000001992
199211111
199300000
000001993
199311111
199400000
000001994
199411111
199500000
000001995
199511111
199600000
000001996
199611111
199700000
000001997
199711111
199800000
000001998
199811111
199900000
000001999
199911111
200000000
000002000
200011111
200100000
000002001
200111111
200200000
000002002
200211111
200300000
000002003
200311111
200400000
000002004
200411111
200500000
000002005
200511111
200600000
000002006
200611111
200700000
000002007
200711111
200800000
000002008
200811111
200900000
000002009
200911111
201000000
000002010
201011111
201100000
000002011
201111111
201200000
000002012
201211111
201300000
000002013
201311111
201400000
000002014
201411111
201500000
000002015
201511111
201600000
000002016
201611111
201700000
000002017
201711111
201800000
000002018
201811111
201900000
000002019
201911111
202000000
000002020
202011111
202100000
000002021
202111111
202200000
000002022
202211111
202300000
000002023
202311111
202400000
000002024
202411111
202500000
000002025
202511111
202600000
000002026
202611111
100000000
300000000
400000000
500000000
600000000
700000000
800000000
900000000
010000000
020000000
030000000
040000000
050000000
060000000
070000000
080000000
090000000
001000000
002000000
003000000
004000000
005000000
006000000
007000000
008000000
009000000
000100000
000200000
000300000
000400000
000500000
000600000
000700000
000800000
000900000
000010000
000020000
000030000
000040000
000050000
000060000
000070000
000080000
000090000
000001000
000003000
000004000
000005000
000006000
000007000
000008000
000009000
000000100
000000200
000000300
000000400
000000500
000000600
000000700
000000800
000000900
000000010
000000020
000000030
000000040
000000050
000000060
000000070
000000080
000000090
000000001
000000002
000000003
000000004
000000005
000000006
000000007
000000008
000000009
123412341
123400000
000001234
000001111
000002222
000003333
000004444
000005555
000006666
000007777
000008888
000009999
121200000
000001212
112211221
112200000
000001122
101000000
000001010
258025802
258000000
000002580
135713571
135700000
000001357
246824682
246800000
000002468
137913791
137900000
000001379
696900000
000006969
000700070
000100010
100010001
200020002
300030003
600060006
800080008
900090009
