0000000000
1111111111
2222222222
3333333333
4444444444
5555555555
6666666666
7777777777
8888888888
9999999999
0123456789
1234567890
2345678901
3456789012
4567890123
5678901234
6789012345
7890123456
8901234567
9012345678
9876543210
8765432109
7654321098
6543210987
5432109876
4321098765
3210987654
2109876543
1098765432
0987654321
0101010101
0202020202
0303030303
0404040404
0505050505
0606060606
0707070707
0808080808
0909090909
1010101010
1212121212
1313131313
1414141414
1515151515
1616161616
1717171717
1818181818
1919191919
2020202020
2121212121
2323232323
2424242424
2525252525
2626262626
2727272727
2828282828
2929292929
3030303030
3131313131
3232323232
3434343434
3535353535
3636363636
3737373737
3838383838
3939393939
4040404040
4141414141
4242424242
4343434343
4545454545
4646464646
4747474747
4848484848
4949494949
5050505050
5151515151
5252525252
5353535353
5454545454
5656565656
5757575757
5858585858
5959595959
6060606060
6161616161
6262626262
6363636363
6464646464
6565656565
6767676767
6868686868
6969696969
7070707070
7171717171
7272727272
7373737373
7474747474
7575757575
7676767676
7878787878
7979797979
8080808080
8181818181
8282828282
8383838383
8484848484
8585858585
8686868686
8787878787
8989898989
9090909090
9191919191
9292929292
9393939393
9494949494
9595959595
9696969696
9797979797
9898989898
0010010010
0020020020
0030030030
0040040040
0050050050
0060060060
0070070070
0080080080
0090090090
0100100100
0110110110
0120120120
0130130130
0140140140
0150150150
0160160160
0170170170
0180180180
0190190190
0200200200
0210210210
0220220220
0230230230
0240240240
0250250250
0260260260
0270270270
0280280280
0290290290
0300300300
0310310310
0320320320
0330330330
0340340340
0350350350
0360360360
0370370370
0380380380
0390390390
0400400400
0410410410
0420420420
0430430430
0440440440
0450450450
0460460460
0470470470
0480480480
0490490490
0500500500
0510510510
0520520520
0530530530
0540540540
0550550550
0560560560
0570570570
0580580580
0590590590
0600600600
0610610610
0620620620
0630630630
0640640640
0650650650
0660660660
0670670670
0680680680
0690690690
0700700700
0710710710
0720720720
0730730730
0740740740
0750750750
0760760760
0770770770
0780780780
0790790790
0800800800
0810810810
0820820820
0830830830
0840840840
0850850850
0860860860
0870870870
0880880880
0890890890
0900900900
0910910910
0920920920
0930930930
0940940940
0950950950
0960960960
0970970970
0980980980
0990990990
1001001001
1011011011
1021021021
1031031031
1041041041
1051051051
1061061061
1071071071
1081081081
1091091091
1101101101
1121121121
1131131131
1141141141
1151151151
1161161161
1171171171
1181181181
1191191191
1201201201
1211211211
1221221221
1231231231
1241241241
1251251251
1261261261
1271271271
1281281281
1291291291
1301301301
1311311311
1321321321
1331331331
1341341341
1351351351
1361361361
1371371371
1381381381
1391391391
1401401401
1411411411
1421421421
1431431431
1441441441
1451451451
1461461461
1471471471
1481481481
1491491491
1501501501
1511511511
1521521521
1531531531
1541541541
1551551551
1561561561
1571571571
1581581581
1591591591
1601601601
1611611611
1621621621
1631631631
1641641641
1651651651
1661661661
1671671671
1681681681
1691691691
1701701701
1711711711
1721721721
1731731731
1741741741
1751751751
1761761761
1771771771
1781781781
1791791791
1801801801
1811811811
1821821821
1831831831
1841841841
1851851851
1861861861
1871871871
1881881881
1891891891
1901901901
1911911911
1921921921
1931931931
1941941941
1951951951
1961961961
1971971971
1981981981
1991991991
2002002002
2012012012
2022022022
2032032032
2042042042
2052052052
2062062062
2072072072
2082082082
2092092092
2102102102
2112112112
2122122122
2132132132
2142142142
2152152152
2162162162
2172172172
2182182182
2192192192
2202202202
2212212212
2232232232
2242242242
2252252252
2262262262
2272272272
2282282282
2292292292
2302302302
2312312312
2322322322
2332332332
2342342342
2352352352
2362362362
2372372372
2382382382
2392392392
2402402402
2412412412
2422422422
2432432432
2442442442
2452452452
2462462462
2472472472
2482482482
2492492492
2502502502
2512512512
2522522522
2532532532
2542542542
2552552552
2562562562
2572572572
2582582582
2592592592
2602602602
2612612612
2622622622
2632632632
2642642642
2652652652
2662662662
2672672672
2682682682
2692692692
2702702702
2712712712
2722722722
2732732732
2742742742
2752752752
2762762762
2772772772
2782782782
2792792792
2802802802
2812812812
2822822822
2832832832
2842842842
2852852852
2862862862
2872872872
2882882882
2892892892
2902902902
2912912912
2922922922
2932932932
2942942942
2952952952
2962962962
2972972972
2982982982
2992992992
3003003003
3013013013
3023023023
3033033033
3043043043
3053053053
3063063063
3073073073
3083083083
3093093093
3103103103
3113113113
3123123123
3133133133
3143143143
3153153153
3163163163
3173173173
3183183183
3193193193
3203203203
3213213213
3223223223
3233233233
3243243243
3253253253
3263263263
3273273273
3283283283
3293293293
3303303303
3313313313
3323323323
3343343343
3353353353
3363363363
3373373373
3383383383
3393393393
3403403403
3413413413
3423423423
3433433433
3443443443
3453453453
3463463463
3473473473
3483483483
3493493493
3503503503
3513513513
3523523523
3533533533
3543543543
3553553553
3563563563
3573573573
3583583583
3593593593
3603603603
3613613613
3623623623
3633633633
3643643643
3653653653
3663663663
3673673673
3683683683
3693693693
3703703703
3713713713
3723723723
3733733733
3743743743
3753753753
3763763763
3773773773
3783783783
3793793793
3803803803
3813813813
3823823823
3833833833
3843843843
3853853853
3863863863
3873873873
3883883883
3893893893
3903903903
3913913913
3923923923
3933933933
3943943943
3953953953
3963963963
3973973973
3983983983
3993993993
4004004004
4014014014
4024024024
4034034034
4044044044
4054054054
4064064064
4074074074
4084084084
4094094094
4104104104
4114114114
4124124124
4134134134
4144144144
4154154154
4164164164
4174174174
4184184184
4194194194
4204204204
4214214214
4224224224
4234234234
4244244244
4254254254
4264264264
4274274274
4284284284
4294294294
4304304304
4314314314
4324324324
4334334334
4344344344
4354354354
4364364364
4374374374
4384384384
4394394394
4404404404
4414414414
4424424424
4434434434
4454454454
4464464464
4474474474
4484484484
4494494494
4504504504
4514514514
4524524524
4534534534
4544544544
4554554554
4564564564
4574574574
4584584584
4594594594
4604604604
4614614614
4624624624
4634634634
4644644644
4654654654
4664664664
4674674674
4684684684
4694694694
4704704704
4714714714
4724724724
4734734734
4744744744
4754754754
4764764764
4774774774
4784784784
4794794794
4804804804
4814814814
4824824824
4834834834
4844844844
4854854854
4864864864
4874874874
4884884884
4894894894
4904904904
4914914914
4924924924
4934934934
4944944944
4954954954
4964964964
4974974974
4984984984
4994994994
5005005005
5015015015
5025025025
5035035035
5045045045
5055055055
5065065065
5075075075
5085085085
5095095095
5105105105
5115115115
5125125125
5135135135
5145145145
5155155155
5165165165
5175175175
5185185185
5195195195
5205205205
5215215215
5225225225
5235235235
5245245245
5255255255
5265265265
5275275275
5285285285
5295295295
5305305305
5315315315
5325325325
5335335335
5345345345
5355355355
5365365365
5375375375
5385385385
5395395395
5405405405
5415415415
5425425425
5435435435
5445445445
5455455455
5465465465
5475475475
5485485485
5495495495
5505505505
5515515515
5525525525
5535535535
5545545545
5565565565
5575575575
5585585585
5595595595
5605605605
5615615615
5625625625
5635635635
5645645645
5655655655
5665665665
5675675675
5685685685
5695695695
5705705705
5715715715
5725725725
5735735735
5745745745
5755755755
5765765765
5775775775
5785785785
5795795795
5805805805
5815815815
5825825825
5835835835
5845845845
5855855855
5865865865
5875875875
5885885885
5895895895
5905905905
5915915915
5925925925
5935935935
5945945945
5955955955
5965965965
5975975975
5985985985
5995995995
6006006006
6016016016
6026026026
6036036036
6046046046
6056056056
6066066066
6076076076
6086086086
6096096096
6106106106
6116116116
6126126126
6136136136
6146146146
6156156156
6166166166
6176176176
6186186186
6196196196
6206206206
6216216216
6226226226
6236236236
6246246246
6256256256
6266266266
6276276276
6286286286
6296296296
6306306306
6316316316
6326326326
6336336336
6346346346
6356356356
6366366366
6376376376
6386386386
6396396396
6406406406
6416416416
6426426426
6436436436
6446446446
6456456456
6466466466
6476476476
6486486486
6496496496
6506506506
6516516516
6526526526
6536536536
6546546546
6556556556
6566566566
6576576576
6586586586
6596596596
6606606606
6616616616
6626626626
6636636636
6646646646
6656656656
6676676676
6686686686
6696696696
6706706706
6716716716
6726726726
6736736736
6746746746
6756756756
6766766766
6776776776
6786786786
6796796796
6806806806
6816816816
6826826826
6836836836
6846846846
6856856856
6866866866
6876876876
6886886886
6896896896
6906906906
6916916916
6926926926
6936936936
6946946946
6956956956
6966966966
6976976976
6986986986
6996996996
7007007007
7017017017
7027027027
7037037037
7047047047
7057057057
7067067067
7077077077
7087087087
7097097097
7107107107
7117117117
7127127127
7137137137
7147147147
7157157157
7167167167
7177177177
7187187187
7197197197
7207207207
7217217217
7227227227
7237237237
7247247247
7257257257
7267267267
7277277277
7287287287
7297297297
7307307307
7317317317
7327327327
7337337337
7347347347
7357357357
7367367367
7377377377
7387387387
7397397397
7407407407
7417417417
7427427427
7437437437
7447447447
7457457457
7467467467
7477477477
7487487487
7497497497
7507507507
7517517517
7527527527
7537537537
7547547547
7557557557
7567567567
7577577577
7587587587
7597597597
7607607607
7617617617
7627627627
7637637637
7647647647
7657657657
7667667667
7677677677
7687687687
7697697697
7707707707
7717717717
7727727727
7737737737
7747747747
7757757757
7767767767
7787787787
7797797797
7807807807
7817817817
7827827827
7837837837
7847847847
7857857857
7867867867
7877877877
7887887887
7897897897
7907907907
7917917917
7927927927
7937937937
7947947947
7957957957
7967967967
7977977977
7987987987
7997997997
8008008008
8018018018
8028028028
8038038038
8048048048
8058058058
8068068068
8078078078
8088088088
8098098098
8108108108
8118118118
8128128128
8138138138
8148148148
8158158158
8168168168
8178178178
8188188188
8198198198
8208208208
8218218218
8228228228
8238238238
8248248248
8258258258
8268268268
8278278278
8288288288
8298298298
8308308308
8318318318
8328328328
8338338338
8348348348
8358358358
8368368368
8378378378
8388388388
8398398398
8408408408
8418418418
8428428428
8438438438
8448448448
8458458458
8468468468
8478478478
8488488488
8498498498
8508508508
8518518518
8528528528
8538538538
8548548548
8558558558
8568568568
8578578578
8588588588
8598598598
8608608608
8618618618
8628628628
8638638638
8648648648
8658658658
8668668668
8678678678
8688688688
8698698698
8708708708
8718718718
8728728728
8738738738
8748748748
8758758758
8768768768
8778778778
8788788788
8798798798
8808808808
8818818818
8828828828
8838838838
8848848848
8858858858
8868868868
8878878878
8898898898
8908908908
8918918918
8928928928
8938938938
8948948948
8958958958
8968968968
8978978978
8988988988
8998998998
9009009009
9019019019
9029029029
9039039039
9049049049
9059059059
9069069069
9079079079
9089089089
9099099099
9109109109
9119119119
9129129129
9139139139
9149149149
9159159159
9169169169
9179179179
9189189189
9199199199
9209209209
9219219219
9229229229
9239239239
9249249249
9259259259
9269269269
9279279279
9289289289
9299299299
9309309309
9319319319
9329329329
9339339339
9349349349
9359359359
9369369369
9379379379
9389389389
9399399399
9409409409
9419419419
9429429429
9439439439
9449449449
9459459459
9469469469
9479479479
9489489489
9499499499
9509509509
9519519519
9529529529
9539539539
9549549549
9559559559
9569569569
9579579579
9589589589
9599599599
9609609609
9619619619
9629629629
9639639639
9649649649
9659659659
9669669669
9679679679
9689689689
9699699699
9709709709
9719719719
9729729729
9739739739
9749749749
9759759759
9769769769
9779779779
9789789789
9799799799
9809809809
9819819819
9829829829
9839839839
9849849849
9859859859
9869869869
9879879879
9889889889
9899899899
9909909909
9919919919
9929929929
9939939939
9949949949
9959959959
9969969969
9979979979
9989989989
0000011111
0000022222
0000033333
0000044444
0000055555
0000066666
0000077777
0000088888
0000099999
1111100000
1111122222
1111133333
1111144444
1111155555
1111166666
1111177777
1111188888
1111199999
2222200000
2222211111
2222233333
2222244444
2222255555
2222266666
2222277777
2222288888
2222299999
3333300000
3333311111
3333322222
3333344444
3333355555
3333366666
3333377777
3333388888
3333399999
4444400000
4444411111
4444422222
4444433333
4444455555
4444466666
4444477777
4444488888
4444499999
5555500000
5555511111
5555522222
5555533333
5555544444
5555566666
5555577777
5555588888
5555599999
6666600000
6666611111
6666622222
6666633333
6666644444
6666655555
6666677777
6666688888
6666699999
7777700000
7777711111
7777722222
7777733333
7777744444
7777755555
7777766666
7777788888
7777799999
8888800000
8888811111
8888822222
8888833333
8888844444
8888855555
8888866666
8888877777
8888899999
9999900000
9999911111
9999922222
9999933333
9999944444
9999955555
9999966666
9999977777
9999988888
0000111100
0000222200
0000333300
0000444400
0000555500
0000666600
0000777700
0000888800
0000999900
0011000011
0011111111
0011222211
0011333311
0011444411
0011555511
0011666611
0011777711
0011888811
0011999911
0022000022
0022111122
0022222222
0022333322
0022444422
0022555522
0022666622
0022777722
0022888822
0022999922
0033000033
0033111133
0033222233
0033333333
0033444433
0033555533
0033666633
0033777733
0033888833
0033999933
0044000044
0044111144
0044222244
0044333344
0044444444
0044555544
0044666644
0044777744
0044888844
0044999944
0055000055
0055111155
0055222255
0055333355
0055444455
0055555555
0055666655
0055777755
0055888855
0055999955
0066000066
0066111166
0066222266
0066333366
0066444466
0066555566
0066666666
0066777766
0066888866
0066999966
0077000077
0077111177
0077222277
0077333377
0077444477
0077555577
0077666677
0077777777
0077888877
0077999977
0088000088
0088111188
0088222288
0088333388
0088444488
0088555588
0088666688
0088777788
0088888888
0088999988
0099000099
0099111199
0099222299
0099333399
0099444499
0099555599
0099666699
0099777799
0099888899
0099999999
1100000000
1100111100
1100222200
1100333300
1100444400
1100555500
1100666600
1100777700
1100888800
1100999900
1111000011
1111222211
1111333311
1111444411
1111555511
1111666611
1111777711
1111888811
1111999911
1122000022
1122111122
1122222222
1122333322
1122444422
1122555522
1122666622
1122777722
1122888822
1122999922
1133000033
1133111133
1133222233
1133333333
1133444433
1133555533
1133666633
1133777733
1133888833
1133999933
1144000044
1144111144
1144222244
1144333344
1144444444
1144555544
1144666644
1144777744
1144888844
1144999944
1155000055
1155111155
1155222255
1155333355
1155444455
1155555555
1155666655
1155777755
1155888855
1155999955
1166000066
1166111166
1166222266
1166333366
1166444466
1166555566
1166666666
1166777766
1166888866
1166999966
1177000077
1177111177
1177222277
1177333377
1177444477
1177555577
1177666677
1177777777
1177888877
1177999977
1188000088
1188111188
1188222288
1188333388
1188444488
1188555588
1188666688
1188777788
1188888888
1188999988
1199000099
1199111199
1199222299
1199333399
1199444499
1199555599
1199666699
1199777799
1199888899
1199999999
2200000000
2200111100
2200222200
2200333300
2200444400
2200555500
2200666600
2200777700
2200888800
2200999900
2211000011
2211111111
2211222211
2211333311
2211444411
2211555511
2211666611
2211777711
2211888811
2211999911
2222000022
2222111122
2222333322
2222444422
2222555522
2222666622
2222777722
2222888822
2222999922
2233000033
2233111133
2233222233
2233333333
2233444433
2233555533
2233666633
2233777733
2233888833
2233999933
2244000044
2244111144
2244222244
2244333344
2244444444
2244555544
2244666644
2244777744
2244888844
2244999944
2255000055
2255111155
2255222255
2255333355
2255444455
2255555555
2255666655
2255777755
2255888855
2255999955
2266000066
2266111166
2266222266
2266333366
2266444466
2266555566
2266666666
2266777766
2266888866
2266999966
2277000077
2277111177
2277222277
2277333377
2277444477
2277555577
2277666677
2277777777
2277888877
2277999977
2288000088
2288111188
2288222288
2288333388
2288444488
2288555588
2288666688
2288777788
2288888888
2288999988
2299000099
2299111199
2299222299
2299333399
2299444499
2299555599
2299666699
2299777799
2299888899
2299999999
3300000000
3300111100
3300222200
3300333300
3300444400
3300555500
3300666600
3300777700
3300888800
3300999900
3311000011
3311111111
3311222211
3311333311
3311444411
3311555511
3311666611
3311777711
3311888811
3311999911
3322000022
3322111122
3322222222
3322333322
3322444422
3322555522
3322666622
3322777722
3322888822
3322999922
3333000033
3333111133
3333222233
3333444433
3333555533
3333666633
3333777733
3333888833
3333999933
3344000044
3344111144
3344222244
3344333344
3344444444
3344555544
3344666644
3344777744
3344888844
3344999944
3355000055
3355111155
3355222255
3355333355
3355444455
3355555555
3355666655
3355777755
3355888855
3355999955
3366000066
3366111166
3366222266
3366333366
3366444466
3366555566
3366666666
3366777766
3366888866
3366999966
3377000077
3377111177
3377222277
3377333377
3377444477
3377555577
3377666677
3377777777
3377888877
3377999977
3388000088
3388111188
3388222288
3388333388
3388444488
3388555588
3388666688
3388777788
3388888888
3388999988
3399000099
3399111199
3399222299
3399333399
3399444499
3399555599
3399666699
3399777799
3399888899
3399999999
4400000000
4400111100
4400222200
4400333300
4400444400
4400555500
4400666600
4400777700
4400888800
4400999900
4411000011
4411111111
4411222211
4411333311
4411444411
4411555511
4411666611
4411777711
4411888811
4411999911
4422000022
4422111122
4422222222
4422333322
4422444422
4422555522
4422666622
4422777722
4422888822
4422999922
4433000033
4433111133
4433222233
4433333333
4433444433
4433555533
4433666633
4433777733
4433888833
4433999933
4444000044
4444111144
4444222244
4444333344
4444555544
4444666644
4444777744
4444888844
4444999944
4455000055
4455111155
4455222255
4455333355
4455444455
4455555555
4455666655
4455777755
4455888855
4455999955
4466000066
4466111166
4466222266
4466333366
4466444466
4466555566
4466666666
4466777766
4466888866
4466999966
4477000077
4477111177
4477222277
4477333377
4477444477
4477555577
4477666677
4477777777
4477888877
4477999977
4488000088
4488111188
4488222288
4488333388
4488444488
4488555588
4488666688
4488777788
4488888888
4488999988
4499000099
4499111199
4499222299
4499333399
4499444499
4499555599
4499666699
4499777799
4499888899
4499999999
5500000000
5500111100
5500222200
5500333300
5500444400
5500555500
5500666600
5500777700
5500888800
5500999900
5511000011
5511111111
5511222211
5511333311
5511444411
5511555511
5511666611
5511777711
5511888811
5511999911
5522000022
5522111122
5522222222
5522333322
5522444422
5522555522
5522666622
5522777722
5522888822
5522999922
5533000033
5533111133
5533222233
5533333333
5533444433
5533555533
5533666633
5533777733
5533888833
5533999933
5544000044
5544111144
5544222244
5544333344
5544444444
5544555544
5544666644
5544777744
5544888844
5544999944
5555000055
5555111155
5555222255
5555333355
5555444455
5555666655
5555777755
5555888855
5555999955
5566000066
5566111166
5566222266
5566333366
5566444466
5566555566
5566666666
5566777766
5566888866
5566999966
5577000077
5577111177
5577222277
5577333377
5577444477
5577555577
5577666677
5577777777
5577888877
5577999977
5588000088
5588111188
5588222288
5588333388
5588444488
5588555588
5588666688
5588777788
5588888888
5588999988
5599000099
5599111199
5599222299
5599333399
5599444499
5599555599
5599666699
5599777799
5599888899
5599999999
6600000000
6600111100
6600222200
6600333300
6600444400
6600555500
6600666600
6600777700
6600888800
6600999900
6611000011
6611111111
6611222211
6611333311
6611444411
6611555511
6611666611
6611777711
6611888811
6611999911
6622000022
6622111122
6622222222
6622333322
6622444422
6622555522
6622666622
6622777722
6622888822
6622999922
6633000033
6633111133
6633222233
6633333333
6633444433
6633555533
6633666633
6633777733
6633888833
6633999933
6644000044
6644111144
6644222244
6644333344
6644444444
6644555544
6644666644
6644777744
6644888844
6644999944
6655000055
6655111155
6655222255
6655333355
6655444455
6655555555
6655666655
6655777755
6655888855
6655999955
6666000066
6666111166
6666222266
6666333366
6666444466
6666555566
6666777766
6666888866
6666999966
6677000077
6677111177
6677222277
6677333377
6677444477
6677555577
6677666677
6677777777
6677888877
6677999977
6688000088
6688111188
6688222288
6688333388
6688444488
6688555588
6688666688
6688777788
6688888888
6688999988
6699000099
6699111199
6699222299
6699333399
6699444499
6699555599
6699666699
6699777799
6699888899
6699999999
7700000000
7700111100
7700222200
7700333300
7700444400
7700555500
7700666600
7700777700
7700888800
7700999900
7711000011
7711111111
7711222211
7711333311
7711444411
7711555511
7711666611
7711777711
7711888811
7711999911
7722000022
7722111122
7722222222
7722333322
7722444422
7722555522
7722666622
7722777722
7722888822
7722999922
7733000033
7733111133
7733222233
7733333333
7733444433
7733555533
7733666633
7733777733
7733888833
7733999933
7744000044
7744111144
7744222244
7744333344
7744444444
7744555544
7744666644
7744777744
7744888844
7744999944
7755000055
7755111155
7755222255
7755333355
7755444455
7755555555
7755666655
7755777755
7755888855
7755999955
7766000066
7766111166
7766222266
7766333366
7766444466
7766555566
7766666666
7766777766
7766888866
7766999966
7777000077
7777111177
7777222277
7777333377
7777444477
7777555577
7777666677
7777888877
7777999977
7788000088
7788111188
7788222288
7788333388
7788444488
7788555588
7788666688
7788777788
7788888888
7788999988
7799000099
7799111199
7799222299
7799333399
7799444499
7799555599
7799666699
7799777799
7799888899
7799999999
8800000000
8800111100
8800222200
8800333300
8800444400
8800555500
8800666600
8800777700
8800888800
8800999900
8811000011
8811111111
8811222211
8811333311
8811444411
8811555511
8811666611
8811777711
8811888811
8811999911
8822000022
8822111122
8822222222
8822333322
8822444422
8822555522
8822666622
8822777722
8822888822
8822999922
8833000033
8833111133
8833222233
8833333333
8833444433
8833555533
8833666633
8833777733
8833888833
8833999933
8844000044
8844111144
8844222244
8844333344
8844444444
8844555544
8844666644
8844777744
8844888844
8844999944
8855000055
8855111155
8855222255
8855333355
8855444455
8855555555
8855666655
8855777755
8855888855
8855999955
8866000066
8866111166
8866222266
8866333366
8866444466
8866555566
8866666666
8866777766
8866888866
8866999966
8877000077
8877111177
8877222277
8877333377
8877444477
8877555577
8877666677
8877777777
8877888877
8877999977
8888000088
8888111188
8888222288
8888333388
8888444488
8888555588
8888666688
8888777788
8888999988
8899000099
8899111199
8899222299
8899333399
8899444499
8899555599
8899666699
8899777799
8899888899
8899999999
9900000000
9900111100
9900222200
9900333300
9900444400
9900555500
9900666600
9900777700
9900888800
9900999900
9911000011
9911111111
9911222211
9911333311
9911444411
9911555511
9911666611
9911777711
9911888811
9911999911
9922000022
9922111122
9922222222
9922333322
9922444422
9922555522
9922666622
9922777722
9922888822
9922999922
9933000033
9933111133
9933222233
9933333333
9933444433
9933555533
9933666633
9933777733
9933888833
9933999933
9944000044
9944111144
9944222244
9944333344
9944444444
9944555544
9944666644
9944777744
9944888844
9944999944
9955000055
9955111155
9955222255
9955333355
9955444455
9955555555
9955666655
9955777755
9955888855
9955999955
9966000066
9966111166
9966222266
9966333366
9966444466
9966555566
9966666666
9966777766
9966888866
9966999966
9977000077
9977111177
9977222277
9977333377
9977444477
9977555577
9977666677
9977777777
9977888877
9977999977
9988000088
9988111188
9988222288
9988333388
9988444488
9988555588
9988666688
9988777788
9988888888
9988999988
9999000099
9999111199
9999222299
9999333399
9999444499
9999555599
9999666699
9999777799
9999888899
1940000000
0000001940
1940111111
1941000000
0000001941
1941111111
1942000000
0000001942
1942111111
1943000000
0000001943
1943111111
1944000000
0000001944
1944111111
1945000000
0000001945
1945111111
1946000000
0000001946
1946111111
1947000000
0000001947
1947111111
1948000000
0000001948
1948111111
1949000000
0000001949
1949111111
1950000000
0000001950
1950111111
1951000000
0000001951
1951111111
1952000000
0000001952
1952111111
1953000000
0000001953
1953111111
1954000000
0000001954
1954111111
1955000000
0000001955
1955111111
1956000000
0000001956
1956111111
1957000000
0000001957
1957111111
1958000000
0000001958
1958111111
1959000000
0000001959
1959111111
1960000000
0000001960
1960111111
1961000000
0000001961
1961111111
1962000000
0000001962
1962111111
1963000000
0000001963
1963111111
1964000000
0000001964
1964111111
1965000000
0000001965
1965111111
1966000000
0000001966
1966111111
1967000000
0000001967
1967111111
1968000000
0000001968
1968111111
1969000000
0000001969
1969111111
1970000000
0000001970
1970111111
1971000000
0000001971
1971111111
1972000000
0000001972
1972111111
1973000000
0000001973
1973111111
1974000000
0000001974
1974111111
1975000000
0000001975
1975111111
1976000000
0000001976
1976111111
1977000000
0000001977
1977111111
1978000000
0000001978
1978111111
1979000000
0000001979
1979111111
1980000000
0000001980
1980111111
1981000000
0000001981
1981111111
1982000000
0000001982
1982111111
1983000000
0000001983
1983111111
1984000000
0000001984
1984111111
1985000000
0000001985
1985111111
1986000000
0000001986
1986111111
1987000000
0000001987
1987111111
1988000000
0000001988
1988111111
1989000000
0000001989
1989111111
1990000000
0000001990
1990111111
1991000000
0000001991
1991111111
1992000000
0000001992
1992111111
1993000000
0000001993
1993111111
1994000000
0000001994
1994111111
1995000000
0000001995
1995111111
1996000000
0000001996
1996111111
1997000000
0000001997
1997111111
1998000000
0000001998
1998111111
1999000000
0000001999
1999111111
2000000000
0000002000
2000111111
2001000000
0000002001
2001111111
2002000000
0000002002
2002111111
2003000000
0000002003
2003111111
2004000000
0000002004
2004111111
2005000000
0000002005
2005111111
2006000000
0000002006
2006111111
2007000000
0000002007
2007111111
2008000000
0000002008
2008111111
2009000000
0000002009
2009111111
2010000000
0000002010
2010111111
2011000000
0000002011
2011111111
2012000000
0000002012
2012111111
2013000000
0000002013
2013111111
2014000000
0000002014
2014111111
2015000000
0000002015
2015111111
2016000000
0000002016
2016111111
2017000000
0000002017
2017111111
2018000000
0000002018
2018111111
2019000000
0000002019
2019111111
2020000000
0000002020
2020111111
2021000000
0000002021
2021111111
2022000000
0000002022
2022111111
2023000000
0000002023
2023111111
2024000000
0000002024
2024111111
2025000000
0000002025
2025111111
2026000000
0000002026
2026111111
1000000000
3000000000
4000000000
5000000000
6000000000
7000000000
8000000000
9000000000
0100000000
0200000000
0300000000
0400000000
0500000000
0600000000
0700000000
0800000000
0900000000
0010000000
0020000000
0030000000
0040000000
0050000000
0060000000
0070000000
0080000000
0090000000
0001000000
0002000000
0003000000
0004000000
0005000000
0006000000
0007000000
0008000000
0009000000
0000100000
0000200000
0000300000
0000400000
0000500000
0000600000
0000700000
0000800000
0000900000
0000010000
0000020000
0000030000
0000040000
0000050000
0000060000
0000070000
0000080000
0000090000
0000001000
0000003000
0000004000
0000005000
0000006000
0000007000
0000008000
0000009000
0000000100
0000000200
0000000300
0000000400
0000000500
0000000600
0000000700
0000000800
0000000900
0000000010
0000000020
0000000030
0000000040
0000000050
0000000060
0000000070
0000000080
0000000090
0000000001
0000000002
0000000003
0000000004
0000000005
0000000006
0000000007
0000000008
0000000009
1234123412
1234000000
0000001234
1111000000
0000001111
2222000000
0000002222
3333000000
0000003333
4444000000
0000004444
5555000000
0000005555
6666000000
0000006666
7777000000
0000007777
8888000000
0000008888
9999000000
0000009999
1212000000
0000001212
1122112211
1122000000
0000001122
1010000000
0000001010
2580258025
2580000000
0000002580
1357135713
1357000000
0000001357
2468246824
2468000000
0000002468
1379137913
1379000000
0000001379
6969000000
0000006969
0007000700
0001000100
1000100010
2000200020
3000300030
6000600060
8000800080
9000900090
